Eigvals	17
0.621586514791	0.396367209378	0.319288088643	0.248555437406	0.234814232842	0.226198517613	0.209216340367	0.182078363737	0.15645132756	0.147148351316	0.136559723179	0.126653962388	0.124491209898	0.121896661928	0.101005308436	0.0776920064059	0.0

Proportion explained	17
0.181220386227	0.115558843479	0.0930868179482	0.0724650733143	0.0684588950284	0.0659470270838	0.0609959597	0.0530840206708	0.0456125886443	0.0429003532471	0.0398132925807	0.036925318415	0.036294778929	0.0355383516675	0.029447583836	0.0226507092297	0.0

Species	0	0

Site	17	17
TRIGOTO3.2	-0.168076961363	0.0416794058184	-0.0436222667293	-0.163122843218	0.238306314159	-0.0548418532176	-0.00330365362409	0.115482904077	-0.00800331347327	-0.206925454236	-0.108381515388	-0.0611128080962	0.0715228280229	-0.0133144401844	0.00285378161116	0.00528600996672	0.0
HAPMIC4.2	-0.0391642339284	-0.308901639921	0.0326059413111	0.013026412839	-0.0109259126472	-0.0806982996971	-0.191450174567	0.0767184752214	-0.054673089165	-0.0794032069733	0.167198912848	0.110407108043	-0.0114550406867	0.0454402422672	0.0714046602773	-0.0447379133059	0.0
NEOLBUS.2	-0.438041281974	0.140239645147	-0.300663322624	0.0149572730991	-0.145264850763	0.108477860999	-0.109936594671	-0.0487347180856	0.0428492811403	-0.00466462498989	0.0580924374445	-0.0515470374953	-0.0130817970226	-0.0509491258067	-0.00475965817314	-0.0209845933245	0.0
CHALBRI.2	-0.112682932347	0.219353912741	0.109799691744	0.0366665070752	-0.0502126469238	-0.0296578692689	0.143387071196	0.183537123454	0.136830375556	-0.0075647159158	0.0472857232578	0.0454148337967	-0.123941365294	0.148081510441	0.00888218319394	-0.0107978342815	0.0
CYPRCOL1.2	-0.0445899242563	0.0922213121268	-0.01586467457	0.212378185853	-0.0323001592673	-0.219146268069	-0.0219966592467	0.154672975083	-0.10613097854	0.116896540642	-0.0289925200417	0.00321886305553	0.117015182285	-0.0701161452551	-0.0685895287931	0.0350480937968	0.0
CYPRCOL2.2	0.309151498929	0.0898084176054	-0.0752317742526	-0.033583299974	0.0395223737319	-0.021983615023	-0.123861154441	-0.065869758193	0.0294538663623	-0.0643865813395	0.0769652118197	0.00933694935552	-0.0837798044031	0.021270198043	-0.165659365314	0.133466543886	0.0
HAPMIC1.2	-0.16969542341	-0.152612465428	0.139182111982	-0.031165902394	-0.183523207737	-0.0255316203019	-0.0639098643774	-0.0580490215133	-0.0575748967358	-0.0103148930923	-0.231778139902	0.027332477973	-0.112326563205	0.0239205353507	0.00224261613349	0.0682010918884	0.0
HAPMIC2.2	0.11018430638	0.0523283603856	0.109363391535	0.108271381138	0.0474904325965	0.190372908777	-0.0918290988978	0.00684360431844	0.178412881764	-0.00393831959407	-0.0785751998914	0.16138247922	0.0892843117538	-0.10829171659	0.0172056849278	-0.012914861329	0.0
HAPMIC3.2	-0.0271512262882	-0.13459694647	0.126567606823	0.107398489405	-0.0965753330147	0.0991282790769	0.102858024471	-0.0931408309014	-0.00407214543864	-0.0922397455185	0.0288181223458	-0.0897974240026	0.15326772669	0.119016188039	-0.123472440089	-0.0504961601223	0.0
HAPMIC5.2	-0.0276492689224	0.024690611484	0.170616787399	0.201804307115	0.143911402606	0.127165124489	0.0186867295021	-0.0302679104373	-0.096161514925	-0.012971883404	0.0665665175504	-0.144760906255	-0.110761241107	-0.0826508883941	0.0891134629669	0.0446310816722	0.0
HAPMIC6.2	-0.0786530080436	-0.169487459476	0.133007518121	-0.16969521377	0.0700274048668	-0.0989961852189	-0.0315265610468	-0.0208643939327	0.169997130899	0.178326610838	0.0361870176775	-0.119783895873	-0.0184681523426	-0.0692184930903	-0.0525825508998	-0.0422856336819	0.0
LOBOLAB.2	0.25404923548	0.126379569257	-0.0440807117171	0.00825225357296	-0.012429559442	-0.0640641007797	0.000143416480485	-0.0569752934077	-0.0829840495406	-0.038125996343	-0.0596736659166	0.00877348627607	-0.109338497432	-0.0557732487008	-0.0427873793493	-0.203647735033	0.0
KITCNT2	0.208820497507	-0.295329606041	-0.299549807717	0.0303470745266	0.0290517655663	0.137504223233	0.143865298385	0.133530086342	0.00287635800618	0.0725848771031	-0.0593533626923	-0.0162258773151	-0.039738535223	0.0177892494362	0.00596425423419	0.0148473984963	0.0
TANGIRA.2	0.0927438334322	0.155298389054	0.107947161453	-0.266751901519	-0.0739823730074	0.185876917903	-0.0189290632328	0.083365149193	-0.174961117026	0.103197686776	0.0473996040162	0.0169527870579	0.0677220828157	0.0123641248377	0.0139563960778	0.00882603396148	0.0
TRIGOTO1.2	0.0931029912147	-0.0153992146161	-0.00756389982472	-0.0873534686557	-0.160850617405	-0.122453806899	0.232620820393	-0.0800616443391	0.0311709319403	-0.0975214861104	0.0778691689895	0.0391624801366	0.0352971041925	-0.15201940321	0.0785778561379	0.0538702868062	0.0
TRIGOTO2.2	-0.22087363044	0.0181365910479	-0.0597333561396	-0.00249664983343	0.219087496607	-0.0366382716403	0.117948621013	-0.202996603094	-0.0702126025657	0.103880236829	0.0104947490562	0.156552884638	0.0056359975826	0.0756754907959	-0.00308856947099	0.00884956781945	0.0
TREMBEN.2	0.258525528029	0.116191117286	-0.0827803967943	0.0210673947407	-0.0213325299263	-0.0945134243612	-0.102767157335	-0.0971901437843	0.0631828817427	0.0431709553291	-0.0501230611739	-0.0953064005152	0.0831457633738	0.13877592202	0.170738596529	0.012838622784	0.0

Biplot	0	0

Site constraints	0	0
