Eigvals	16
0.101960301934	0.0310820155736	0.0198602039948	0.014287109585	0.00976838061091	0.00307034468166	0.00159681227721	0.00131972623301	0.000463176604217	0.000273516120439	0.0	0.0	0.0	0.0	0.0	0.0

Proportion explained	16
0.555092664747	0.169216827757	0.108122998351	0.0777819365049	0.0531810549863	0.0167155822286	0.00869337149109	0.00718485859225	0.0025216278356	0.0014890775063	0.0	0.0	0.0	0.0	0.0	0.0

Species	0	0

Site	16	16
TRIGOTO3.2	-0.00683813614211	0.021501238473	0.0358138201168	-0.0120987804821	0.0158315438697	-0.0137433427406	-0.0136422515956	0.00914488388443	-0.00451538560974	-0.000916383876216	0.0	0.0	0.0	0.0	0.0	0.0
HAPMIC4.2	-0.0498570328425	0.0399003307524	0.0605116161929	0.0358970982703	-0.070930550854	0.00807113511645	0.00342378409837	0.000179950545797	0.00391862538492	2.99964832696e-05	0.0	0.0	0.0	0.0	0.0	0.0
NEOLBUS.2	-0.22435155808	0.044059392203	-0.0471939297798	-0.0544969179686	-0.00750062657602	0.00224851582607	-0.00220164059995	-0.000268236341698	0.00117201380809	-0.00125540538502	0.0	0.0	0.0	0.0	0.0	0.0
CHALBRI.2	-0.0837872243838	-0.0586674218635	0.0221763728058	0.02983353189	0.0369710954948	7.04811261382e-05	0.00850542920896	0.0117134226817	0.00803176647414	-0.00713463159501	0.0	0.0	0.0	0.0	0.0	0.0
CYPRCOL1.2	-0.0519458112204	-0.0500866888307	-0.00102173448433	0.0297880582089	0.018245512415	0.0139538616488	-0.00546242469041	-0.0208104653168	0.000393467049148	0.00338440077971	0.0	0.0	0.0	0.0	0.0	0.0
CYPRCOL2.2	0.0603453243688	-0.0338070759395	0.000102188920284	-0.0339154066196	-0.00719881881625	0.0123459362069	-0.00485346738395	0.00819306189269	-0.00196640730556	0.00214605832078	0.0	0.0	0.0	0.0	0.0	0.0
HAPMIC1.2	0.0320274199998	0.110065528153	-0.0250363278768	0.0350561371729	0.0317918620361	0.0123437374981	-0.00741562070319	0.00137833655352	0.00118451618666	0.000328194528636	0.0	0.0	0.0	0.0	0.0	0.0
HAPMIC2.2	0.0367263619948	-0.0288652838498	-0.0356163339727	0.0178533676579	-0.013297716679	-0.0219832750322	-0.0126984196454	-0.0106687329793	0.0069816468919	-0.00222061561116	0.0	0.0	0.0	0.0	0.0	0.0
HAPMIC3.2	0.0759852655278	0.000867696226456	-0.0394880728135	0.0134824559902	-0.00916811953816	0.0210969616173	0.00633855761838	-0.00448294119343	-0.00916733402762	-0.00768890871269	0.0	0.0	0.0	0.0	0.0	0.0
HAPMIC5.2	0.0577426455643	-0.0132759348959	-0.0555021160641	0.0310480377472	-0.0144200986547	-0.00565763313578	-0.0031853270334	0.0184793724394	0.00176791301206	0.00533185721091	0.0	0.0	0.0	0.0	0.0	0.0
HAPMIC6.2	0.127758100653	0.0351184362185	0.0503205640266	-0.0479425718486	0.0184533562562	0.00865314185686	0.000956193375955	-0.00399387003682	0.00830065956646	-0.000634391159886	0.0	0.0	0.0	0.0	0.0	0.0
LOBOLAB.2	0.0111273723025	-0.0237322922363	0.0134573983933	-0.00994017571213	-0.0101183693384	-0.00903605503876	0.00592386794098	0.00275157913642	-0.00736034753018	-0.00515339770442	0.0	0.0	0.0	0.0	0.0	0.0
TANGIRA.2	0.0490010553128	-0.00785780170031	-0.0379421568025	-0.0273835309396	-0.00508382534889	-0.00396866883644	0.0246920430233	-0.00306807774512	0.00473485919108	0.0038581776847	0.0	0.0	0.0	0.0	0.0	0.0
TRIGOTO1.2	-0.0619513861618	-0.0438188611056	0.0309786300299	0.00305430086078	0.0140730322345	0.0140569243714	0.000463594861225	0.003538565207	-0.00515879396299	0.00782319946059	0.0	0.0	0.0	0.0	0.0	0.0
TRIGOTO2.2	-0.0102182045102	0.0433699669966	0.0226967533363	0.0178200504089	0.0174491953567	-0.0302318574832	0.0129111711565	-0.00722212470917	-0.00675861832721	0.00282476540207	0.0	0.0	0.0	0.0	0.0	0.0
TREMBEN.2	0.0382358076179	-0.0347712286014	0.005743327972	-0.0280556546364	-0.0150974718576	-0.00821986300095	-0.0137554896318	-0.0048647240186	-0.00155858080116	-0.000722915826257	0.0	0.0	0.0	0.0	0.0	0.0

Biplot	0	0

Site constraints	0	0
