Eigvals	16
0.749317159101	0.321237453633	0.250134524767	0.218822487115	0.197221895322	0.183426533514	0.178126749028	0.165102584338	0.160045003469	0.141747061677	0.131978690039	0.129665227773	0.10673521171	0.0933122314581	0.0794142889139	0.0

Proportion explained	16
0.241225982831	0.103415248848	0.0805252433418	0.0704450296898	0.0634911998971	0.0590500901879	0.0573439425228	0.0531511025622	0.051522926961	0.0456323118338	0.0424876019862	0.0417428342974	0.0343610259482	0.0300397961934	0.0255656628991	0.0

Species	0	0

Site	16	16
x3125.50	0.237083143834	0.119721302726	0.230742934116	-0.149133238924	-0.0805920976115	-0.0478312296186	0.208902197972	-0.028077604794	0.134006413006	-0.0711953207452	0.0426102485116	0.0152365199321	0.0603360815426	0.00200459519083	0.0289301803849	0.0
x125.45	0.0788837182232	-0.034066843123	0.224494676996	0.108205829181	-0.0165965114258	0.264018588703	-0.191824961793	-0.0427342137964	0.0917892732322	0.00168835583481	0.0258399096512	-0.00425741380113	-0.0166922164119	-0.0315316976709	-0.00571026386919	0.0
x625.55	0.0651007149516	-0.215342293176	-0.0312167119921	0.164311727515	-0.158549467529	0.0297970603064	0.103963700688	0.168989087495	-0.126912665797	-0.0594474229571	0.14455378207	-0.0104777966316	0.0271493949033	-0.011388378802	0.00986849391719	0.0
x15625.45	0.320799746292	0.280944034011	0.00657628388405	0.262242764458	0.0574328539928	-0.141493877676	-0.047393206802	0.0385084565923	-0.0343343371903	-0.00543698903319	-0.0510128912153	0.0827528852214	-0.00946744303262	0.0164039069372	-0.0262995173835	0.0
x15625.50	0.230718249084	0.0753930114885	-0.319897169988	-0.00893492503992	-0.0337719929151	0.1162675439	0.0563134350903	-0.0892358821366	0.12418624679	0.0868242832504	0.0914678425766	-0.0249775824461	-0.062146957637	0.0565514968188	0.0210212836267	0.0
x125.55	0.0492384791721	-0.172530461747	0.0191144350271	0.0626673531005	-0.0820268535733	-0.130971666517	0.00338710713589	0.0243651305927	0.106383220751	0.0719657242177	-0.172849349991	-0.187701883058	-0.0754073319028	-0.0410629533007	0.0335964132186	0.0
x625.50	0.0917705649154	-0.153199135813	-0.013370382901	-0.00896929902003	-0.0999771047582	-0.0336931051146	-0.00656065887287	-0.258325117103	-0.141522863952	0.0798789133919	-0.0677372581034	0.0928118700571	0.109344065402	-0.0196557282406	-0.0162053452055	0.0
x3125.45	0.248014067072	0.0935933018242	-0.00223569359642	-0.254400305746	-0.0127788147836	0.0225431366916	-0.129391324131	0.173282796422	-0.138338335829	0.124834726115	-0.0156324398153	-0.0268320184983	0.0237975508859	-0.0192928842024	0.0230457813992	0.0
x125.50	0.0353074174369	-0.126360467108	-0.159922625912	-0.0723097971465	0.0674150754882	0.0697639325972	0.0032346986825	0.0986474564198	0.0935383969855	-0.164413305806	-0.155762571673	0.138444278258	0.0368780901832	-0.0588666088145	-0.044120690478	0.0
x625.45	0.0774183326376	3.6270860997e-05	0.0372442471431	-0.0222767303894	0.227630981168	0.0928605416682	0.125076176924	-0.0812099931681	-0.174876852806	-0.0981902691633	-0.0311612356497	-0.135364852972	-0.0803596053903	0.0166803279092	-0.03203226631	0.0
x5.55	-0.253180637691	0.00393806301249	-0.0269528137556	0.0691434636141	0.167969650548	0.0058618775627	-0.00146663958249	0.0394355164895	0.0547391888507	0.0513727756451	0.0039074662082	-0.0743056356452	0.220806831976	0.0778979006477	0.0759416540042	0.0
x5.50	-0.260333247443	-0.00672344487332	0.0308569820204	0.0111752273405	0.141799243346	-0.0394375970857	0.0904159534173	0.0120803897523	0.0253969583713	0.15147286201	0.0842525310242	0.0988075089926	-0.0690128966715	-0.179204274352	0.0111693824544	0.0
x25.45	-0.34213617428	0.159761274137	-0.0391787803229	-0.0192424431778	-0.111676627288	-1.50734226509e-05	-0.0567392041845	-0.0481480121463	-0.0696583419001	-0.125736139937	-0.0305745915002	0.0292259760444	-0.0720906471616	-0.00602873272943	0.1768975865	0.0
x25.55	0.0276791181534	-0.132395214408	-0.0173026569443	-0.0876965459815	0.0783595158326	-0.2070970767	-0.190966977306	-0.0619221768112	0.0511763073878	-0.114469169981	0.168321168637	-0.0265539363592	-0.0237200300001	0.0165884395625	-0.0351098763015	0.0
x5.45	-0.384948743229	0.2084253003	-0.0410814405575	-0.0201650259437	-0.143851453354	0.0106733145391	-0.000822065466885	9.60985099574e-06	-0.000674495286559	-0.0133139045502	-6.06449561663e-05	-0.0891924518419	0.0374501879311	-0.0271739291972	-0.179714819078	0.0
x25.50	-0.22141474913	-0.101194698111	0.102128716782	-0.0346180538398	-0.00078639713644	-0.0112463698323	0.0338717682297	0.0543345563411	0.00510188738722	0.0841648817067	-0.0361619657738	0.122384532748	-0.106865074617	0.208078520243	-0.0412779968799	0.0

Biplot	0	0

Site constraints	0	0
