Eigvals	16
0.168484575908	0.13931571631	0.0105910823765	0.00519258117828	0.00451699682082	0.000724228613295	0.000243559528431	7.27460248569e-05	3.92345073099e-05	2.45136678553e-05	8.65322507057e-06	3.65085987445e-06	4.13542061211e-07	0.0	0.0	0.0

Proportion explained	16
0.511772139388	0.423171686799	0.0321704278094	0.0157724727278	0.0137203842794	0.00219984544481	0.000739812414649	0.000220966154156	0.000119174871858	7.4460301039e-05	2.62841834815e-05	1.10894920706e-05	1.25613460017e-06	0.0	0.0	0.0

Species	0	0

Site	16	16
x3125.50	-0.0624772585247	0.0807669319785	-0.0148289823631	0.0580790444071	0.0282750587761	-0.00334717622331	0.00048949369769	-0.000281215474416	0.000197521036313	-5.50217745849e-05	4.40037133992e-05	-7.1452336359e-06	2.20482511055e-06	0.0	0.0	0.0
x125.45	-0.0123070157158	-0.0629327492402	0.00309747917526	0.000820577522247	-0.00216745117827	-0.000905103230026	-0.000554200427859	-0.000160075623708	-0.000628627816171	0.00401091009609	-0.00121657162112	-0.000131294345571	-4.02129948e-05	0.0	0.0	0.0
x625.55	0.388102338466	0.0751706097363	-0.00203927179985	0.00136311958899	0.00297669949902	-0.000224769055011	-8.67825536765e-05	-6.44814794252e-05	2.58419176368e-05	1.05147327591e-05	1.23157063967e-05	1.59145044785e-06	4.31544151202e-07	0.0	0.0	0.0
x15625.45	-0.0640503180602	0.219121165682	0.0230908639007	0.0105636646459	-0.0471646005487	0.000399665390618	0.000350246215257	0.00039410861808	3.24393091672e-06	-3.36067226124e-05	-6.79313531683e-06	-8.90587584095e-07	-1.13437976111e-06	0.0	0.0	0.0
x15625.50	-0.0719197511353	0.175235094433	0.0418046892574	-0.0330955214906	0.0372137321596	-0.00123748542732	-0.000220607720128	-8.36855455e-05	9.10418409554e-05	9.05626372287e-05	7.67157827535e-08	4.19876927878e-06	2.35006081744e-06	0.0	0.0	0.0
x125.55	-0.0108144902552	-0.0495129797569	0.00333839486176	-0.000442618036125	0.00190209864824	0.00480703756851	0.00530521469737	0.00399273113718	-0.00432750045991	-0.000347166375743	0.00013989605321	-0.000109466426694	-3.25005753809e-05	0.0	0.0	0.0
x625.50	-0.0153039265223	-0.0408655264542	0.00235946254249	-0.000978613170533	-0.000230981863724	0.0158978523514	0.00758740196637	-0.00419466940913	0.00144717433833	-4.13465100873e-05	-0.000165259573671	4.21008354659e-05	1.8280475344e-05	0.0	0.0	0.0
x3125.45	-0.0534369121542	0.09275525304	-0.0883069657429	-0.0237900911523	-0.00108887762173	-0.002406198515	0.00100368834613	0.000119106639651	0.000137208985276	3.89847644674e-05	1.51886682442e-05	1.72927309244e-05	1.51570067023e-06	0.0	0.0	0.0
x125.50	-0.0118917614004	-0.0548720257309	0.00165453367314	-3.52231423536e-05	0.000849327337567	0.0057189589975	-0.00282675398491	0.00469565368306	0.00296613383377	-0.00114792845009	-0.00130188142339	0.00037258763118	-7.82235512244e-05	0.0	0.0	0.0
x625.45	-0.0223485613766	-0.0240743783074	-0.00534922783891	0.000452592233512	-0.00047767526134	0.0102887064618	-0.0120764041246	-0.00220219437152	-0.00180990518419	-0.000363422330255	0.000236556051021	-7.79932003532e-05	-4.75520668338e-06	0.0	0.0	0.0
x5.55	-0.011851223062	-0.0692988319002	0.00515834654819	-0.000716055951195	-0.00238735132441	-0.00235519562978	0.000880545718551	-0.0010178997634	-0.000632638393374	-0.000731152615146	0.000726700811594	0.00100475090042	-0.000311064200318	0.0	0.0	0.0
x5.50	-0.0094183432476	-0.0694112138292	0.00704658754309	-0.00366538373459	-0.00444862479815	-0.00966778943655	0.00014062800537	-0.00120757140279	0.000719768324381	0.00017130606522	0.000287566604265	0.000169961767642	-0.000150879240473	0.0	0.0	0.0
x25.45	-0.0101400789911	-0.068971980042	0.00543731424811	-0.00254544695496	-0.00327194077398	-0.00591760009884	0.00070119892291	-0.00127671913359	-1.60131383711e-05	-0.00193388955709	-0.000620258790663	-0.00137588638287	-0.000123267490765	0.0	0.0	0.0
x25.55	-0.0124317219015	-0.0646201066714	0.00335772285845	-0.000455259734172	-0.000938305969005	0.00374253695933	-0.000459690788028	0.00264001749718	0.00208530247173	0.00114011039668	0.00204919431969	-0.000549663141197	0.00010673201419	0.0	0.0	0.0
x5.45	-0.00861846357509	-0.0701079859951	0.00961958107089	-0.00459116167585	-0.00684916174249	-0.0114464421112	-0.000732201509733	-0.00076365208112	0.000407744171219	0.000269886030578	0.000180901534871	0.000185244434867	0.000115659867718	0.0	0.0	0.0
x25.50	-0.0110925125439	-0.0683812769416	0.00455947206527	-0.000963623354997	-0.00219194533873	-0.00334699800212	0.000498223539323	-0.000589453290557	-0.000666295858515	-0.0010787403874	-0.000381635634314	0.000454610797666	0.000494863151417	0.0	0.0	0.0

Biplot	0	0

Site constraints	0	0
