Eigvals	30
0.767895910909	0.38000808136	0.107474631974	0.0364608259439	0.017185747848	0.0127620943222	0.0106003346125	0.00722928540958	0.00554987363165	0.00332880038883	0.00195941723601	0.00139895824155	0.000971709094026	0.00050622905623	0.000218751152652	8.02680981325e-05	3.2472714921e-06	0.0	0.0	0.0	0.0	0.0	0.0	0.0	0.0	0.0	0.0	0.0	0.0	0.0

Proportion explained	30
0.567284669584	0.280731744773	0.0793971034641	0.0269355094936	0.0126960062568	0.00942802319683	0.00783101880439	0.00534064933364	0.00409998045912	0.0024591580732	0.00144752347749	0.00103348325281	0.000717852074097	0.000373977747267	0.000161602859958	5.92982211266e-05	2.39892843454e-06	0.0	0.0	0.0	0.0	0.0	0.0	0.0	0.0	0.0	0.0	0.0	0.0	0.0

Species	0	0

Site	30	30
HAPLMIC5	-4.80890425302e-05	0.0672750403829	-0.00800333904631	0.0500140026243	-0.00682039637063	0.0114434785625	-0.0221168586942	0.0124369016615	-0.0073435388987	-0.0153826625176	0.00135818519299	0.000168195475342	0.0135240333819	0.00753694043469	-0.00348538211975	-0.000636834826569	-0.000192706958034	-0.0	0.0	0.0	0.0	0.0	0.0	0.0	0.0	0.0	0.0	0.0	0.0	0.0
FOOD	-0.703029829388	-0.337756906157	-0.00710911480252	0.0179939561339	-5.26405177569e-05	-0.00188913461897	0.00164216088545	0.00637314569084	-0.00115174079449	6.78043449371e-05	0.000168507969185	0.000700610313455	-0.00012084898407	0.000172435776368	-0.000113777602356	-1.16306056162e-05	-1.24843957376e-05	-0.0	0.0	0.0	0.0	0.0	0.0	0.0	0.0	0.0	0.0	0.0	0.0	0.0
TREMBEN1	0.200279549193	-0.115805271756	0.00908391325458	-0.0380713096077	0.00711268772901	0.0397134982426	-0.00751878379878	0.0310212114663	-0.00263687939617	0.0121886077436	0.00484560573979	0.00121708408877	-0.00253335988893	0.00299796656665	0.000368381916574	-0.000269290417476	2.79396131196e-05	-0.0	0.0	0.0	0.0	0.0	0.0	0.0	0.0	0.0	0.0	0.0	0.0	0.0
CYPRCOL5	0.0690490979237	-0.0596321275634	-0.0091550010236	-0.0249212922672	-0.00768326905235	-0.010170301972	-0.0349852303723	0.00321435263105	0.0205790863084	0.0228287368701	-0.0232166793746	-0.00713560047373	0.00568561268345	0.00166993078638	0.000909789571578	0.000625093285067	-6.7436902393e-05	-0.0	0.0	0.0	0.0	0.0	0.0	0.0	0.0	0.0	0.0	0.0	0.0	0.0
CHALBRI1	-0.16949143093	0.172187134851	0.0532072176268	-0.0717029227126	-0.0625925825564	-0.00282581599651	0.0105616852106	-0.000513337504763	-0.0155197440886	0.00329083289957	-0.000823895831109	0.00418626875239	0.000534528693662	0.000383837012133	0.0004422081734	2.98000775525e-05	-3.67127745691e-05	-0.0	0.0	0.0	0.0	0.0	0.0	0.0	0.0	0.0	0.0	0.0	0.0	0.0
CYPRCOL1	0.0759304537027	-0.0567346302868	-0.0075038357324	0.00183894195378	0.00544215310178	-0.00815509299651	0.00664384854657	0.00174323246442	-0.0122811063873	0.00184874830468	-0.00281360766326	-0.0037128248816	-0.000873162243428	0.00357007678777	0.00643528848617	0.00145349956024	0.000578782377957	-0.0	0.0	0.0	0.0	0.0	0.0	0.0	0.0	0.0	0.0	0.0	0.0	0.0
CYPRCOL4	0.0857543434486	-0.0707273824699	-0.00490592278305	-0.0203180554806	0.0111103630565	-0.0111074780526	0.00443132225168	-0.00718997804282	-0.00134921966721	0.00075999629455	0.00511801197565	-0.00652831289082	0.00428659652708	-0.00637249425896	0.00283717280053	0.000621656861696	-0.00128219059098	-0.0	0.0	0.0	0.0	0.0	0.0	0.0	0.0	0.0	0.0	0.0	0.0	0.0
HAPLMIC1	0.0161370576804	0.0302248092482	-0.0158115543175	0.0576423597973	-0.0264179902516	0.00480175967921	0.00219344147222	-0.0239391102269	0.0236377274533	0.0108722558902	0.0102202693976	-0.00163497950714	0.010215088886	-0.00139251941266	0.000622353018683	-0.000832174826527	0.000135483846844	-0.0	0.0	0.0	0.0	0.0	0.0	0.0	0.0	0.0	0.0	0.0	0.0	0.0
HAPLMIC2	0.0905702643509	-0.0690161927653	1.18384274487e-05	0.0382886218305	-0.0112777457607	0.0261457977189	-0.0434698076869	-0.0345569714006	-0.0315671790975	0.0124184288241	0.00724339755059	0.00170473789423	-0.000491481996412	-0.00104703441781	-0.00032335035925	-4.63332844259e-05	7.14374971016e-05	-0.0	0.0	0.0	0.0	0.0	0.0	0.0	0.0	0.0	0.0	0.0	0.0	0.0
HAPLMIC3	-0.072198833863	0.114414070982	0.0692509068432	0.0557243963541	-0.00395047784038	0.019169704066	0.0396718363019	-0.0216060158559	0.00279255573309	0.00821807375944	-0.00744334447162	-0.00502845037596	0.00151349780329	-0.0011082032676	0.00153475280931	0.000709859869259	7.69263771432e-05	-0.0	0.0	0.0	0.0	0.0	0.0	0.0	0.0	0.0	0.0	0.0	0.0	0.0
HAPLMIC4	0.0314551146444	0.0302289034602	-0.00277996865843	0.0508322210184	-0.012510727215	0.00492414440135	-0.0163162345518	0.0131100852749	0.0221065964576	-0.0152280111744	0.00142520257802	0.00291589174867	-0.00793258023104	-0.00467409607244	-0.000361982264744	0.00266484373856	3.60134518767e-05	-0.0	0.0	0.0	0.0	0.0	0.0	0.0	0.0	0.0	0.0	0.0	0.0	0.0
HAPLMIC6	-0.0170323762531	0.0813278887272	0.00123048951629	0.0420552295293	0.022483962728	0.014132924358	-0.0265091456627	0.0112566149476	-0.010877587836	0.00330925683712	-0.0093207126707	0.00600511839718	-0.0109181429412	-0.00351316688657	0.000710422333584	-0.000958293024161	-5.0836278972e-05	-0.0	0.0	0.0	0.0	0.0	0.0	0.0	0.0	0.0	0.0	0.0	0.0	0.0
LOBOLAB1	0.0677515002975	-0.0362392632022	-0.00617596350962	0.0172889943162	-0.0109761629852	-0.0133132800483	0.00614918558872	0.00179517239294	-0.00127118263018	-0.00720725320397	-0.0108051975185	-0.0193543783085	-0.00974381837365	-0.000891758845968	0.000172672026729	-0.00279433359753	0.000130903402857	-0.0	0.0	0.0	0.0	0.0	0.0	0.0	0.0	0.0	0.0	0.0	0.0	0.0
LEPIPRO1	-0.00509983355731	0.0378754909537	0.000628693209391	-0.0180332591948	0.0471886220854	0.00720049722513	0.00693564435411	0.0112107643126	-0.00358626145609	-0.0106041012162	-0.0122194167422	0.00455025553394	0.0124843759902	0.00136335626945	0.0009633727484	0.000256782383122	-0.000185209507611	-0.0	0.0	0.0	0.0	0.0	0.0	0.0	0.0	0.0	0.0	0.0	0.0	0.0
PERIMIC1	0.187946950363	-0.0887897480215	0.0129763812875	0.0460807952969	-0.0127700614954	0.0250453856871	0.0527237272564	0.0106196986435	-0.00140853146165	-0.00580646327873	-0.00494543440264	0.00376919683878	-0.000577686842807	0.000265524357237	-5.06380722785e-05	8.6113019672e-06	-0.000102457947729	-0.0	0.0	0.0	0.0	0.0	0.0	0.0	0.0	0.0	0.0	0.0	0.0	0.0
NEOLBUS1	0.0808753544313	-0.0738021420401	-0.00566988647301	-0.0171841185967	0.00809117446867	0.000812310557155	0.00273118391281	-0.000225009573911	-0.00198969825292	-0.00779062612264	0.00509909419724	0.00165856220912	0.00157131451282	0.00258434588824	0.00509449592393	-0.0050182232336	0.000126238182562	-0.0	0.0	0.0	0.0	0.0	0.0	0.0	0.0	0.0	0.0	0.0	0.0	0.0
REGACAL1	0.0973134593015	-0.0749275465561	-0.00550679864309	-0.0243968316355	0.0135977224513	-0.0377693178998	-0.00652510206772	-0.0460868014108	0.00725681334869	-0.0208844396416	-0.00961456445291	0.0087672281299	-0.00379974905845	0.00345846260569	-0.00108111473882	0.000278842292016	4.61900799065e-05	-0.0	0.0	0.0	0.0	0.0	0.0	0.0	0.0	0.0	0.0	0.0	0.0	0.0
TRIGOTO1	0.0757313971045	-0.0583051882534	-0.00958175405433	-0.00311746117842	0.00915676833796	-0.00287764085642	0.00951988857243	-0.00238652172194	-0.00889247480125	0.00639865088527	0.00326254907742	-0.00217081159457	-0.006984707651	0.00684908498473	-0.00183092127622	0.00388144227447	-0.000434201544701	-0.0	0.0	0.0	0.0	0.0	0.0	0.0	0.0	0.0	0.0	0.0	0.0	0.0
TRIGOTO2	0.00562173609551	0.0620880552466	-0.0484435105684	0.0158686651701	-0.0528525939114	-0.0156456112049	0.005316986208	0.0113241883882	-0.00664133643496	0.00242752380627	-0.0104483884016	0.0141063326648	-0.0027684138745	0.00222342813501	-0.000777704611083	-0.000151870379056	-0.000271703427011	-0.0	0.0	0.0	0.0	0.0	0.0	0.0	0.0	0.0	0.0	0.0	0.0	0.0
TRIGOTO3	0.0227644737936	0.0134053244166	-0.0191275987339	0.00120005856329	-0.000314098869211	-0.00937750485269	-0.00253374061438	0.00237496877682	0.0192155502543	-0.00314804413773	0.0184000049882	-0.00511269002174	-0.00692879562739	0.00734934059942	0.00110462277976	-0.000228806788793	-0.000307798918909	-0.0	0.0	0.0	0.0	0.0	0.0	0.0	0.0	0.0	0.0	0.0	0.0	0.0
TRIGOTO4	0.0237964952761	0.0114112936246	-0.0156478895234	-0.00993487010189	0.00557233768355	-0.0209057332324	0.00107859396609	0.00804355528808	0.0281001900022	0.0151862645076	0.00747082066259	0.0160297515541	-0.000157425402874	-0.00169274835036	0.0028611110426	-0.000248801710099	0.000233988426447	-0.0	0.0	0.0	0.0	0.0	0.0	0.0	0.0	0.0	0.0	0.0	0.0	0.0
TRIGOTO5	-0.20818683977	0.275274243929	-0.231617527919	-0.00778186291476	0.0332714244406	0.0110111625323	0.00636669745893	-0.00351711375368	-0.0038777624725	0.00145280181002	0.00116584684589	-0.00337802162175	-0.00163915587852	-0.000707859569163	0.000319749207478	1.28310852862e-05	6.96851056498e-05	-0.0	0.0	0.0	0.0	0.0	0.0	0.0	0.0	0.0	0.0	0.0	0.0	0.0
TROPMOO1	-0.0624609520565	0.170397234094	0.139652802631	0.0457783824484	0.0239414338523	-0.0535628398192	-0.014133417917	0.0223968618528	-0.00956220433812	0.000237748772189	0.00617136272311	-0.00296558048468	0.00115654636593	-0.000473688256721	-0.000521051791529	-0.000425247787397	5.11119209727e-05	-0.0	0.0	0.0	0.0	0.0	0.0	0.0	0.0	0.0	0.0	0.0	0.0	0.0
TANGIRA1	0.0826788325102	-0.0747112675001	-0.00619404025569	-0.018155709798	0.00921389402504	0.00349276129406	0.00917456365032	-0.0051201408277	-0.00299497203603	0.00113803345745	0.00178441496606	0.0075322166674	-0.00270771818996	-0.00282526438487	-0.0058593598704	-0.00311011851462	-0.000132288136208	-0.0	0.0	0.0	0.0	0.0	0.0	0.0	0.0	0.0	0.0	0.0	0.0	0.0
CYPRCOL3	-0.167219288828	0.138447552072	0.111825562704	-0.0606370133466	-0.00565658820431	0.0521724860483	-0.018696478151	-0.00940801300608	0.0200759101853	-0.0163935166665	-0.000119688611531	-0.00301513474218	-0.00315786332023	0.000162747102589	0.000828284142908	0.000125534363766	-3.07759385648e-05	-0.0	0.0	0.0	0.0	0.0	0.0	0.0	0.0	0.0	0.0	0.0	0.0	0.0
PLECSTA1	-0.0827958832361	0.0947613024775	0.0804597843233	-0.033713277918	0.0392756492464	-0.00918185514757	0.0201489868949	-0.0113001157671	-0.0112190167328	0.017132928361	0.00399613325779	0.00117340593248	-0.00209453862971	0.000238771353349	-0.00188150264124	-2.16457377803e-06	8.79386747689e-05	-0.0	0.0	0.0	0.0	0.0	0.0	0.0	0.0	0.0	0.0	0.0	0.0	0.0
TRIGOTO6	0.0432482736553	0.00362519591065	-0.060500505597	-0.0385134566483	-0.0471020832921	-0.024087835417	-0.000867849931191	0.0102690690189	-0.0118823431277	-0.00603502112831	0.00648323513717	-0.00902824241898	0.00313566632498	-0.00295625264638	-0.000973059091696	0.000329913915626	0.000188617748935	-0.0	0.0	0.0	0.0	0.0	0.0	0.0	0.0	0.0	0.0	0.0	0.0	0.0
CYPRCOL2	0.0571012380455	-0.038187891457	-0.0072604893493	-0.0183903741882	0.00892457908584	0.000189496418931	0.0064512692729	0.00499214450968	0.0150786692317	0.00669970136372	-0.000733794357874	-0.0061197490551	0.0013956479034	-0.00535936397249	-0.00774425969066	-0.000522279571247	0.000256137325232	-0.0	0.0	0.0	0.0	0.0	0.0	0.0	0.0	0.0	0.0	0.0	0.0	0.0
CYPRCOL6	0.0807687880317	-0.0726526480864	-0.00468884511982	-0.0189223114642	0.0106738111596	0.000655028897713	0.00591300745763	-0.000421352534583	-0.00135621879479	-0.00490472253526	0.00454386721346	-0.00231068709203	0.00366362988352	0.00442481020314	-0.00246322093341	0.0022474307639	0.000688219842859	-0.0	0.0	0.0	0.0	0.0	0.0	0.0	0.0	0.0	0.0	0.0	0.0	0.0
XENOFLA1	0.0927889770768	-0.0756553342608	-0.00264404371387	-0.0168124979831	0.00592083487054	-4.09935746726e-05	-0.00398137981368	0.00408851430658	-0.0114341002697	-0.0130915331087	0.0037482150259	0.00301060726815	0.00426291017782	-0.0122366085208	0.0022626480818	0.00201026136839	0.000301189447191	-0.0	0.0	0.0	0.0	0.0	0.0	0.0	0.0	0.0	0.0	0.0	0.0	0.0

Biplot	0	0

Site constraints	0	0
